小明
20
101001
赵大夫
主任医师
眼科
1001
2
2
全身检查
100000
口腔治疗
50000
1
眼药水
500
10
1
1
12
0
1
10
12
0
小李
21
103001
李医师
实习医师
口腔科
1002
5
1
激光
60000
1
板蓝根
200
5
1
3
15
0
1
9
18
0
孙某
50
109001
陈大夫
生
外科
1003
3
2
手术
300000
常规检查
62300
1
感冒药
2500
4
1
9
12
0
1
10
18
18
朱先生
45
101002
赵大夫
主任医师
眼科
1001
2
2
激光
5000
常规检查
6600
1
板蓝根
200
20
1
1
15
0
1
16
18
45
张三
30
501001
李医师
实习医师
口腔科
1002
5
1
抽血
2300
1
感冒药
2500
3
5
1
16
0
6
1
12
0
赵某人
14
202001
董医生
主任
消化内科
1008
1
2
胃镜
43000
肠镜
10000
1
感冒药
2500
2
2
2
12
5
2
4
14
32
大明
19
101003
李医师
实习医师
口腔科
1002
5
1
洗牙
7800
1
漱口水
1670
1
1
1
12
0
1
1
19
5
孙小明
34
301001
陈大夫
实习医生
外科
1003
3
1
常规检查
20000
1
眼药水
500
1
3
1
8
30
3
3
16
40
张伟
23
102001
孙护士
护士
外科
1004
7
1
常规检查
10800
1
安眠药
10888
1
1
2
12
0
1
3
12
0
王伟
18
102002
李大师
理疗师
中医推拿
1006
6
1
推拿
9900
1
板蓝根
200
4
1
2
12
0
1
5
12
0
王芳
26
103002
钱代
主任
外科
1007
4
1
常规检查
13240
1
眼药水
500
1
1
3
16
0
1
8
15
32
伟大
17
101004
赵大夫
主任医师
眼科
1001
2
1
视力检查
1900
1
眼药水
500
3
1
1
12
0
1
1
20
0
李娜
26
102003
孙护士
护士
外科
1004
7
1
打针
3000
1
止痛药
3000
3
1
2
12
0
1
6
12
0
王静
50
206001
贾医生
主任
口腔
1005
2
1
洗牙
3400
1
漱口水
1670
4
2
6
12
0
2
7
16
0
刘伟
32
101005
李大师
理疗师
中医推拿
1006
6
1
理疗
30000
1
板蓝根
200
2
1
1
12
0
1
2
12
0
刘浩然
29
103003
潘医生
主任
五官科
1009
3
1
整形手术
1000100
1
眼药水
500
10
1
3
14
0
1
9
15
0
陈志豪
21
101006
潘医生
主任
五官科
1009
3
1
鼻炎检查
3400
1
板蓝根
200
3
1
1
1
0
1
1
12
0
李彩洁
20
108001
潘医生
主任
五官科
1009
3
1
常检查
8900
1
止痛药
3000
2
1
8
12
0
1
10
3
0
孙承恩
23
101007
李医师
实习医师
口腔科
1002
5
1
洗牙
3500
1
止咳糖浆
3400
1
1
1
15
0
1
3
12
0
刘玉兰
30
101008
李大师
理疗师
中医推拿
1006
6
1
正骨
10200
1
泡腾片
2000
2
1
1
12
0
1
3
12
0
刘玉兰
30
102004
赵大夫
主任医师
眼科
1001
2
1
常规检查
4000
1
眼药水
500
2
1
2
12
0
1
12
12
0
钱某人
25
101009
李医师
实习医师
口腔科
1002
5
1
洗牙
4000
1
眼药水
500
1
1
1
12
0
1
5
16
0
钱某人
25
105001
赵大夫
主任医师
眼科
1001
2
1
激光
6677
1
感冒药
2500
5
1
5
15
12
1
10
23
30
王静
50
202002
李医师
实习医师
口腔科
1002
5
1
洗牙
3050
1
安眠药
10888
5
2
2
14
0
2
5
15
30
王芳
26
102005
贾医生
主任
口腔
1005
2
2
拔牙
20000
植牙
100000
1
板蓝根
200
15
1
2
14
0
1
5
16
0
王芳
26
601001
潘医生
主任
五官科
1009
3
1
鼻炎检查
1510
1
眼药水
500
2
6
1
15
0
6
9
16
0
李小东
12
808001
李医师
实习医师
口腔科
1002
5
1
拔牙
6600
1
感冒药
2500
4
8
8
9
0
8
10
16
0
陈一东
24
601002
李大师
理疗师
中医推拿
1006
6
2
康复治疗
40000
理疗
21050
1
安眠药
10888
2
6
1
15
0
6
10
16
0
赵大力
40
501002
董医生
主任
消化内科
1008
1
1
胃镜
40000
1
止咳糖浆
3400
2
5
1
12
0
5
2
12
0
钱一能
29
401001
孙护士
护士
外科
1004
7
1
身体检查
10000
1
眼药水
500
10
4
1
16
0
4
15
20
0